BPM 0.0 260.0
LANE 0 1
0.0 0.20001220703125
3702.40014648438 1.0
END
LANE 1 0
2307.6923828125 0.69864165782928
2769.23071289063 -198.199981689453
5559.60009765625 -199.399993896484
END
LANE 2 0
4153.84619140625 -198.999984741211
4615.384765625 2.20001220703125
8307.6923828125 2.0
9230.76953125 260.0
END
LANE 3 0
5076.9228515625 2.26668286323547
5538.46142578125 261.400024414063
8307.6923828125 262.0
9230.76953125 -2.0
12000.0 -2.0
END
LANE 4 0
10615.384765625 -2.0
11076.9228515625 258.0
12923.0771484375 252.0
14769.23046875 3.0
16615.384765625 3.0
17076.923828125 -146.0
22153.845703125 -146.0
23076.923828125 6.0
28615.384765625 6.0
29538.4609375 -273.0
30461.5390625 30.0
31384.615234375 30.0
32307.69140625 -175.0
33230.76953125 -175.0
34153.84765625 245.800048828125
35076.921875 28.6000061035156
36923.078125 -151.800018310547
37846.15234375 -53.199951171875
37936.3984375 -200.999969482422
38075.6015625 84.6000366210938
38145.19921875 -157.799987792969
38214.80078125 12.6000366210938
38344.3984375 -271.799987792969
38464.3984375 149.400024414063
38579.6015625 -86.9999694824219
38663.6015625 33.0
38769.23046875 -79.7999877929688
39692.30859375 -79.7999877929688
40615.3828125 -291.799987792969
41538.4609375 -291.799987792969
42461.5390625 96.4000244140625
43384.6171875 96.4000244140625
43846.15234375 -133.0
44307.69140625 6.0
45230.76953125 6.0
46153.84765625 167.0
47076.921875 167.0
47538.4609375 -6.0
48923.078125 -6.0
49153.84765625 -254.0
49615.3828125 175.0
49846.15234375 175.0
END
LANE 5 0
16615.384765625 3.0
17076.923828125 156.0
22153.845703125 156.0
23076.923828125 5.0
END
LANE 6 0
24461.5390625 6.0
24923.076171875 258.0
28615.384765625 258.0
29538.4609375 -273.0
END
LANE 7 0
31384.615234375 29.9999675750732
32307.69140625 237.0
33230.76953125 237.0
34153.84765625 -187.399993896484
35076.921875 31.0000305175781
END
LANE 8 0
31384.615234375 29.9999675750732
35076.921875 29.9999675750732
END
LANE 9 0
48923.078125 -6.0
49153.84765625 284.0
49615.3828125 -154.0
49846.15234375 -154.0
50769.23046875 7.0
51230.76953125 -151.0
51692.30859375 3.0
52615.3828125 3.0
53538.4609375 -207.0
60000.0 -207.0
60923.078125 143.0
62307.69140625 143.0
62769.23046875 256.0
65538.4609375 256.0
66461.5390625 6.0
66692.3046875 -144.498931884766
66923.078125 207.501068115234
67153.84375 -242.498931884766
67384.6171875 12.5010681152344
68307.6953125 12.5010681152344
68769.234375 -152.498931884766
69230.765625 -152.498931884766
69403.84375 -53.4989013671875
69461.5390625 -82.4989013671875
69634.6171875 6.5010986328125
69692.3046875 -26.4989013671875
69865.3828125 73.5010986328125
69923.078125 38.5010986328125
70153.84375 146.501098632813
71076.921875 146.501098632813
71250.0 46.3108215332031
71307.6953125 72.0006408691406
71480.765625 -40.0069580078125
71538.4609375 -12.261962890625
71711.5390625 -124.269592285156
71769.234375 -86.2486572265625
72000.0 -239.359985351563
72692.3046875 -239.359985351563
72923.078125 -111.938598632813
73846.15625 -111.938598632813
74307.6953125 -324.650207519531
74769.234375 -133.517974853516
75230.765625 -297.932800292969
75692.3046875 -148.931823730469
79384.6171875 -148.931823730469
79846.15625 101.509643554688
80307.6953125 -130.490356445313
80769.234375 81.5096435546875
81230.765625 -142.490356445313
82153.84375 4.5096435546875
END
LANE 10 0
52615.3828125 2.99958992004395
53538.4609375 196.0
60000.0 196.0
60923.078125 -152.0
62307.69140625 -152.0
62769.23046875 -39.0
64615.3828125 -39.0
65538.4609375 254.0
END
LANE 11 0
73846.15625 -111.938598632813
74307.6953125 -162.29052734375
74769.234375 54.5315551757813
75230.765625 -132.490356445313
75692.3046875 143.93212890625
79384.6171875 143.93212890625
79846.15625 -67.4903564453125
80307.6953125 159.509643554688
80769.234375 -63.4903564453125
81230.765625 176.509643554688
82153.84375 4.5096435546875
END
1846.153809 0 0 1846.153809 0
2307.692383 0 0 2307.692383 0
2769.230769 1 1 3692.307692 0
3692.307692 2 0 3692.307692 1
4153.846191 2 0 4153.846191 1
4615.384766 1 1 5538.461538 1
5538.461426 0 0 5538.461426 2
6000.000000 0 0 6000.000000 2
6461.538574 1 1 7384.615385 2
7384.615234 0 1 9230.769531 3
8307.692383 0 1 9230.769531 2
10153.845703 1 0 10153.845703 3
10615.384766 1 0 10615.384766 3
11076.922852 2 1 12000.000000 3
12000.000000 0 0 12000.000000 4
12461.538086 0 0 12461.538086 4
12923.077148 1 1 14769.230469 4
17076.923828 0 0 17076.923828 4
17538.460938 0 0 17538.460938 5
18000.000000 0 0 18000.000000 4
18461.539063 1 0 18461.539063 4
22153.845703 0 0 22153.845703 5
22384.615234 0 0 22384.615234 4
22615.384766 0 0 22615.384766 5
22846.154297 0 0 22846.154297 4
24461.539063 0 1 25846.154297 4
24923.076172 0 0 24923.076172 6
25384.615234 0 0 25384.615234 6
25846.154297 0 1 26538.461538 6
27692.307692 0 1 28615.384615 4
18923.089844 1 0 18923.089844 5
19384.625000 1 0 19384.625000 4
20307.692308 1 1 21692.306641 5
20307.692308 1 1 21692.306641 4
23538.470703 0 0 23538.470703 4
24000.009766 0 0 24000.009766 4
27000.013672 0 0 27000.013672 6
28615.398438 1 1 29538.458984 6
30461.548828 2 1 31384.613281 4
35076.933594 0 0 35076.933594 4
35538.472656 0 0 35538.472656 4
36000.011719 1 0 36000.011719 4
36461.546875 1 0 36461.546875 4
36923.085938 2 0 36923.085938 4
37384.625000 2 0 37384.625000 4
38769.242188 0 0 38769.242188 4
39230.777344 0 0 39230.777344 4
39692.316406 1 0 39692.316406 4
40615.394531 2 0 40615.394531 4
41076.933594 2 0 41076.933594 4
41538.472656 1 0 41538.472656 4
42461.546875 0 0 42461.546875 4
42923.085938 0 0 42923.085938 4
43384.625000 2 1 43846.152344 4
44307.703125 1 0 44307.703125 4
44769.242188 1 0 44769.242188 4
45230.777344 0 1 45923.076923 4
46153.855469 0 0 46153.855469 4
46615.394531 1 0 46615.394531 4
47076.933594 2 0 47076.933594 4
48000.011719 0 0 48000.011719 4
48461.546875 2 0 48461.546875 4
48923.085938 1 1 49846.152343 4
49846.175781 1 0 49846.175781 9
50307.710938 0 0 50307.710938 9
50769.250000 2 1 51692.307692 9
53538.480469 0 0 53538.480469 9
54000.023438 1 0 54000.023438 10
54461.558594 0 0 54461.558594 9
54923.097656 1 0 54923.097656 10
55384.636719 1 0 55384.636719 10
56307.714844 1 0 56307.714844 10
55846.175781 0 0 55846.175781 9
56769.250000 0 0 56769.250000 9
57230.769231 0 0 57230.769231 9
57230.769231 0 0 57230.769231 10
57692.328125 0 0 57692.328125 9
57692.308594 0 0 57692.308594 10
58153.847656 0 0 58153.847656 10
58153.847656 0 0 58153.847656 9
58615.382813 0 0 58615.382813 10
58615.382813 0 0 58615.382813 9
59076.921875 1 0 59076.921875 9
59076.921875 1 0 59076.921875 10
59538.460938 1 0 59538.460938 10
59538.460938 1 0 59538.460938 9
60000.000000 1 1 60692.307692 10
60000.000000 1 1 60692.307692 9
60923.078125 0 0 60923.078125 10
61153.847656 0 0 61153.847656 10
61384.617188 2 0 61384.617188 10
61846.152344 2 0 61846.152344 9
62076.921875 2 0 62076.921875 9
62307.691406 1 0 62307.691406 9
62769.230469 1 0 62769.230469 10
63000.000000 1 0 63000.000000 10
63230.769531 0 0 63230.769531 10
63692.308594 0 0 63692.308594 9
63923.078125 0 0 63923.078125 9
64153.847656 2 0 64153.847656 9
64615.382813 1 0 64615.382813 10
65076.921875 0 0 65076.921875 10
65307.691406 0 0 65307.691406 10
65538.460938 0 0 65538.460938 9
66000.000000 2 0 66000.000000 9
66230.765625 2 0 66230.765625 9
66461.539063 2 0 66461.539063 9
66692.304688 2 0 66692.304688 9
66923.078125 2 0 66923.078125 9
67153.843750 2 0 67153.843750 9
67384.617188 2 1 68076.921875 9
68307.695313 0 1 68538.460938 9
68769.234375 1 1 69000.000000 9
70153.843750 2 1 70384.617188 9
70615.382813 1 1 70846.156250 9
72000.000000 0 1 72230.765625 9
72461.539063 0 1 72692.304688 9
72923.078125 2 1 73153.843750 9
73384.617188 2 1 73615.382813 9
74307.692308 1 1 74769.230769 11
74769.234375 1 1 75230.769231 9
75230.765625 1 1 75692.307692 11
73846.153846 1 1 74307.692308 9
75692.304688 0 1 76615.382813 9
76153.843750 0 0 0.000000 11
76615.382813 0 1 77538.460938 11
76923.078125 0 0 0.000000 9
77230.765625 0 0 0.000000 9
77538.460938 0 1 78923.078125 9
78000.000000 0 1 78923.078125 11
79384.617188 1 1 80307.692308 9
79846.156250 2 0 0.000000 11
80307.695313 1 1 81230.570313 11
80769.234375 2 0 0.000000 9
