BPM 0.000000 144.000000 0 -367.000000
LANE 0 1
0.0 -158.0
1250.0 -120.0
2395.83325195313 -363.0
END
LANE 1 0
1979.16662597656 -274.636383056641
2708.33325195313 -26.0
3541.66674804688 -57.0
END
LANE 2 0
1666.66662597656 -208.363647460938
2708.33325195313 169.0
3541.66674804688 141.0
END
LANE 3 0
3437.5 -53.1249961853027
3854.16674804688 -293.0
4687.5 -282.0
END
0.000000 0 0 31.000000 0
625.000000 1 0 625.000000 0
1041.666626 1 1 1562.500000 0
1875.000000 1 1 2291.666748 2
2291.666748 1 1 2604.166748 1
2812.500000 2 1 3125.000000 1
833.333313 0 0 833.333313 0
1770.833374 0 0 1770.833374 0
2083.333252 0 0 2083.333252 1
3541.666748 0 0 3541.666748 1
MOVE 0.000000 3.000000 3.000000 0.000000
