BPM 0.000000 193.000000 0 -500.000000
BPM 78652.848958 196.000000 0 -632.511963
BPM 98244.687500 206.000000 0 -598.664124
BPM 102904.885417 209.000000 0 -687.695984
BPM 107498.187500 212.000000 0 -654.231995
BPM 109762.333333 215.000000 0 -628.328003
BPM 111994.895833 218.000000 0 -629.224121
BPM 114196.729167 221.000000 0 -623.415955
BPM 116368.677083 224.000000 0 -621.151978
BPM 118511.531250 227.000000 0 -620.815979
BPM 120626.072917 230.000000 0 -644.560120
BPM 124799.989583 236.000000 0 -632.279968
BPM 141071.177083 240.000000 0 -628.647949
LANE 0 1
0.0 0.0
17720.20703125 0.0
28911.91796875 0.0
34818.65234375 0.0
37616.58203125 458.027893066406
40103.625 458.027893066406
40725.38671875 162.704040527344
41347.15234375 342.303985595703
42279.79296875 156.567993164063
42590.671875 156.567993164063
43212.43359375 -79.9405517578125
43834.19921875 255.25146484375
44455.95703125 131.566650390625
45077.71875 446.533020019531
48497.41015625 -51.4813537597656
55647.66796875 -51.4813537597656
56269.4296875 -206.550415039063
58445.59765625 -206.550415039063
59067.359375 115.446411132813
END
LANE 1 0
7772.02099609375 0.0
10259.0673828125 -407.119995117188
13989.6376953125 432.992004394531
15233.16015625 -429.247985839844
17720.20703125 -2.662353515625
20207.25390625 1194.77600097656
25181.34765625 -746.61767578125
27668.39453125 766.987243652344
28134.71484375 2.483154296875
END
LANE 2 0
8393.7822265625 0.0
10259.0673828125 375.248046875
13989.6376953125 -409.2080078125
15233.16015625 417.472045898438
17720.20703125 1.48486328125
20207.25390625 -1169.56164550781
25181.34765625 731.385559082031
27668.39453125 -737.934448242188
28290.15625 2.318359375
END
LANE 3 0
9015.5439453125 0.0
10259.0673828125 -210.256042480469
13989.6376953125 216.97607421875
15233.16015625 -218.455993652344
20207.25390625 212.065673828125
23316.0625 212.065673828125
25181.34765625 -430.206420898438
27668.39453125 435.480041503906
28445.595703125 -0.78082275390625
END
LANE 4 0
9637.3056640625 0.0
10259.0673828125 194.095947265625
13989.6376953125 -203.575988769531
15233.16015625 210.779174804688
20207.25390625 -219.243225097656
23316.0625 -219.243225097656
25181.34765625 424.492736816406
28134.71484375 -586.804809570313
28601.037109375 -0.78082275390625
END
LANE 5 0
28911.916015625 0.0
30155.439453125 -300.075256347656
34818.65234375 -300.075256347656
37616.58203125 164.406127929688
40725.38671875 164.406127929688
END
LANE 6 0
28911.916015625 0.0
30155.439453125 276.761535644531
34818.65234375 276.761535644531
37616.58203125 754.138000488281
40103.62890625 754.138000488281
40725.38671875 447.783996582031
41347.15234375 629.151977539063
42279.79296875 434.776000976563
42590.67578125 434.776000976563
43212.43359375 199.995422363281
43834.19921875 502.009887695313
44455.95703125 411.502624511719
45077.71875 727.888244628906
48497.41015625 456.550659179688
50673.57421875 456.550659179688
51295.3359375 596.382690429688
53782.3828125 596.382690429688
54404.14453125 302.782684326172
END
LANE 7 0
45544.04296875 690.887573242188
48497.41015625 302.606628417969
58756.4765625 302.606628417969
58808.2890625 190.599945068359
58860.10546875 393.639984130859
58911.91796875 190.599945068359
58963.73046875 348.999969482422
59015.54296875 174.759979248047
59067.359375 399.399932861328
59145.078125 189.519989013672
59222.796875 467.439971923828
59300.51953125 205.359954833984
59378.23828125 450.159942626953
59481.8671875 242.799957275391
59585.4921875 454.479949951172
59689.12109375 201.039947509766
59844.55859375 395.599945068359
60000.0 111.919952392578
END
LANE 8 0
46010.36328125 310.710784912109
48497.41015625 115.982666015625
60310.87890625 115.982666015625
END
310.880839 0 0 310.880839 0
932.642497 1 0 932.642497 0
1554.404134 2 0 1554.404134 0
2797.927461 2 0 2797.927461 0
3419.689128 1 0 3419.689128 0
4041.450777 0 0 4041.450777 0
5284.974093 0 1 5595.854818 0
5906.735677 1 1 6217.616536 0
6528.497396 2 1 6839.378255 0
13989.637306 1 1 28290.155440 2
15233.160622 0 1 22694.300518 4
20207.253906 0 1 22694.300518 3
23316.062500 2 1 28445.462522 3
23937.823834 2 1 28601.036269 4
7772.020833 0 1 28756.476684 0
17720.207254 1 1 28134.581693 1
30155.440104 0 0 30155.440104 6
30466.320313 0 0 30466.320313 6
30777.203125 1 0 30777.203125 0
31088.083333 1 0 31088.083333 0
31398.963542 2 0 31398.963542 5
31709.843750 2 0 31709.843750 5
32020.726563 1 0 32020.726563 0
32331.606771 1 0 32331.606771 0
32642.486979 0 0 32642.486979 6
32953.367188 0 0 32953.367188 6
33264.250000 1 0 33264.250000 0
33575.130208 1 0 33575.130208 0
34507.770833 1 0 34507.770833 0
34818.653646 1 0 34818.653646 0
33886.010417 2 0 33886.010417 5
34196.890625 2 0 34196.890625 5
35129.533854 0 0 35129.533854 6
35440.414063 0 0 35440.414063 6
35751.294271 2 0 35751.294271 5
36062.177083 2 0 36062.177083 5
36373.057292 1 0 36373.057292 0
36683.937500 1 0 36683.937500 0
36994.817708 2 0 36994.817708 5
37305.700521 2 0 37305.700521 5
37616.580729 0 1 38549.222798 6
37927.460938 1 1 38549.222798 0
38238.341146 2 1 38549.223958 5
38860.104167 0 0 38860.104167 6
39170.984375 1 0 39170.984375 0
39481.864583 0 0 39481.864583 6
39637.304688 0 0 39637.304688 6
40103.627604 1 1 40414.507813 6
40414.507813 1 1 40725.255208 0
40725.388021 1 1 41036.268229 6
41036.268229 1 1 41347.151042 0
41347.151042 1 1 41658.031250 6
41658.031250 1 1 41968.911458 0
41968.911458 1 0 41968.911458 6
42279.791667 0 0 42279.791667 0
42279.791667 0 0 42279.791667 6
39792.747396 2 0 39792.747396 5
42590.674479 1 1 42901.554688 6
42901.554688 1 1 43212.434896 0
43212.434896 1 1 43523.315104 6
43523.315104 1 1 43834.197917 0
43834.197917 1 1 44145.078125 6
44145.078125 1 0 44145.078125 0
44455.958333 0 0 44455.958333 6
44455.958333 0 0 44455.958333 0
44611.401042 1 0 44611.401042 6
44611.401042 1 0 44611.401042 0
44766.838542 2 0 44766.838542 6
44766.838542 2 0 44766.838542 0
45077.718750 0 1 48497.409326 6
45544.041667 0 1 48497.409326 0
50051.812500 0 0 50051.812500 6
50362.692708 0 0 50362.692708 6
50673.572917 0 1 51295.338542 6
51606.218750 0 0 51606.218750 6
51917.098958 0 1 52227.979167 6
52849.739583 0 0 52849.739583 6
53160.619792 0 1 53782.385417 6
47564.765625 2 0 47564.765625 7
47564.765625 2 0 47564.765625 8
47875.645833 2 0 47875.645833 8
47875.645833 2 0 47875.645833 7
48186.526042 2 0 48186.526042 7
48186.526042 2 0 48186.526042 8
48497.411458 2 0 48497.411458 8
48497.411458 2 0 48497.411458 7
55025.906250 0 0 0.000000 0
55336.786458 0 0 0.000000 0
55647.666667 0 1 56269.432292 0
56580.312500 0 0 0.000000 0
56891.192708 0 0 0.000000 0
57202.072917 0 0 0.000000 0
57823.833333 0 0 0.000000 0
58134.583333 0 0 0.000000 0
58445.593750 0 1 59067.359375 0
ZOOM 7772.020833 -0.200000 2500.000000 -663.183960
ZOOM 20207.253906 -0.200000 2500.000000 -702.686462
ZOOM 28911.916667 0.400000 1150.000000 -841.474731
MOVE 34818.653646 464.000000 2750.000000 -576.638367
MOVE 40103.627604 -166.310000 2176.430000 455.389099
MOVE 45077.718750 -76.240000 3415.450000 280.254700
MOVE 53160.619792 -107.600000 1239.460000 224.182678
